shoulder_pan_joint: -4.206249539052145
shoulder_lift_joint: -2.240756174127096
elbow_joint: -2.2471752166748047
wrist_1_joint: 1.3525580602833251
wrist_2_joint: 1.0567550659179688
wrist_3_joint: -1.5721996466266077