image: SH_Bereich_1_extern_axis_equal.png
mode: trinary
resolution: 0.065
origin: [0.2529508175158219, -4.374363000001006, 0]
negate: 0
occupied_thresh: 0.65
free_thresh: 0.25